     0/199      2.7G    0.1116   0.02764         0    0.1392        15       640  0.007441   0.04762  0.003634 0.0004673   0.08289    0.0226         0
     1/199     2.71G    0.1124   0.02965         0     0.142        20       640    0.0121   0.09524  0.005058 0.0005867   0.08077   0.02173         0
     2/199     2.71G   0.09846   0.02709         0    0.1255        13       640   0.02006    0.1905  0.007509 0.0008043   0.07734   0.02097         0
     3/199     2.71G   0.09833   0.02718         0    0.1255        14       640   0.02667    0.2857   0.01338  0.001756   0.07247   0.02038         0
     4/199     2.71G    0.0964   0.02695         0    0.1233        13       640   0.08231   0.04762   0.01564  0.002707   0.06577   0.02002         0
     5/199     2.71G   0.09361   0.02928         0    0.1229        20       640    0.1646   0.04762    0.0231  0.003872   0.05849   0.01988         0
     6/199     2.71G   0.08448   0.02936         0    0.1138        14       640    0.1389   0.09524   0.04097  0.005438    0.0533   0.01966         0
     7/199     2.71G   0.08307   0.02971         0    0.1128        15       640    0.1917   0.09524    0.0847   0.01207   0.04927    0.0193         0
     8/199     2.71G   0.06902   0.02997         0   0.09899        18       640    0.2491   0.09482   0.09699   0.01496   0.04545   0.01899         0
     9/199     2.71G    0.0712   0.02842         0   0.09962        13       640    0.1319    0.5238     0.148   0.02202   0.04142   0.01871         0
    10/199     2.71G   0.07515   0.02756         0    0.1027        15       640    0.1768    0.5238    0.2579   0.04129   0.03871   0.01829         0
    11/199     2.71G   0.05742   0.03329         0   0.09071        20       640    0.1904     0.381    0.2214   0.06969   0.03584   0.01793         0
    12/199     2.71G   0.06394   0.02971         0   0.09365        14       640    0.2424    0.2857    0.2243   0.06997   0.03475   0.01746         0
    13/199     2.71G   0.06186   0.03256         0   0.09442        15       640    0.3747    0.3713    0.3104    0.1071   0.03394   0.01702         0
    14/199     2.71G   0.06118   0.03129         0   0.09247        12       640    0.4862    0.4286    0.4169    0.1504   0.03139   0.01666         0
    15/199     2.71G   0.06429   0.02827         0   0.09256        14       640    0.4186    0.7545    0.5459    0.2158   0.02978   0.01607         0
    16/199     2.71G   0.05016   0.02652         0   0.07667        14       640    0.5548    0.6667    0.5813      0.28   0.02909   0.01547         0
    17/199     2.71G   0.05422   0.02903         0   0.08324        16       640    0.6068    0.6667    0.6354    0.2989   0.02717   0.01496         0
    18/199     2.71G   0.05537   0.03106         0   0.08642        14       640    0.8121    0.6175    0.7085    0.3146   0.02618   0.01435         0
    19/199     2.71G   0.05645   0.03037         0   0.08682        15       640    0.9237     0.619    0.7983    0.3983   0.02528   0.01381         0
    20/199     2.71G   0.05718   0.02826         0   0.08544        16       640     0.875    0.6666    0.8324    0.4277   0.02447   0.01335         0
    21/199     2.71G   0.05553   0.02867         0    0.0842        22       640         1    0.6182    0.8508    0.4515   0.02446   0.01282         0
    22/199     2.71G   0.05404   0.02699         0   0.08102        15       640         1    0.6186     0.801    0.4541   0.02584   0.01216         0
    23/199     2.71G   0.04831    0.0259         0   0.07421        14       640    0.8147    0.8571    0.9062    0.3321   0.02574    0.0117         0
    24/199     2.71G   0.05257   0.02485         0   0.07742        11       640         1    0.5233    0.7888    0.3432   0.02479   0.01134         0
    25/199     2.71G    0.0514   0.02433         0   0.07574        15       640    0.5135    0.9048    0.7412    0.2235   0.02827   0.01077         0
    26/199     2.71G   0.04534   0.02444         0   0.06978        19       640    0.7378    0.8095    0.8492    0.4334   0.02583   0.01049         0
    27/199     2.71G   0.05095   0.02142         0   0.07237        11       640    0.5126    0.8571    0.7091     0.277   0.03096  0.009849         0
    28/199     2.71G   0.04924   0.02249         0   0.07173        12       640    0.6249    0.7143    0.7548    0.3954   0.02608  0.009774         0
    29/199     2.71G   0.04457   0.02053         0    0.0651        15       640    0.6914    0.8536    0.8024    0.2273   0.02721  0.009428         0
    30/199     2.71G   0.04598   0.02224         0   0.06822        16       640    0.6666    0.7618    0.7917    0.4677   0.02879  0.009153         0
    31/199     2.71G   0.04543   0.01879         0   0.06422        16       640    0.8989    0.8571    0.9277    0.5134   0.02543  0.008919         0
    32/199     2.71G   0.04363   0.02073         0   0.06436        14       640     0.818    0.8571     0.862    0.3089   0.02473  0.008743         0
    33/199     2.71G   0.03982   0.02048         0    0.0603        19       640    0.8999    0.8571    0.8819    0.4133   0.02534  0.008523         0
    34/199     2.71G   0.04675   0.02107         0   0.06781        15       640    0.9473    0.8556    0.9119    0.5418   0.02465  0.008449         0
    35/199     2.71G    0.0472   0.01855         0   0.06575        11       640    0.7498    0.8562    0.8319    0.4169   0.02825  0.008276         0
    36/199     2.71G   0.05046   0.02173         0   0.07219        12       640    0.8571    0.8569    0.8684    0.5022   0.02337  0.008165         0
    37/199     2.71G   0.04502   0.01847         0   0.06349        19       640       0.9    0.8568    0.9089    0.4512   0.02257  0.007969         0
    38/199     2.71G    0.0404   0.01827         0   0.05867        19       640    0.8171    0.8571    0.8314      0.49   0.02466  0.007789         0
    39/199     2.71G   0.04329    0.0179         0   0.06119        16       640    0.8178    0.8571    0.8332    0.4989   0.02132  0.007762         0
    40/199     2.71G   0.03847   0.01777         0   0.05624        13       640    0.9091    0.9523    0.9562    0.6374   0.01992  0.007696         0
    41/199     2.71G   0.04034   0.01677         0   0.05712        16       640    0.9443    0.8076    0.9133    0.5565   0.02332  0.007811         0
    42/199     2.71G   0.04851    0.0198         0   0.06832        20       640    0.5131    0.9048    0.6901    0.2924   0.02612  0.007637         0
    43/199     2.71G   0.04606   0.01803         0   0.06409        18       640    0.5764    0.7129    0.6943    0.3724   0.02669  0.007458         0
    44/199     2.71G   0.04572   0.01704         0   0.06276        18       640      0.85    0.8093    0.8881    0.6022   0.02288  0.007129         0
    45/199     2.71G   0.04462   0.01743         0   0.06205        15       640    0.9996    0.8571    0.9528     0.703   0.02159  0.007067         0
    46/199     2.71G   0.04343    0.0157         0   0.05913        11       640         1    0.8569    0.9624     0.646    0.0202  0.006994         0
    47/199     2.71G   0.04521   0.01639         0    0.0616        13       640    0.9517    0.9524    0.9515    0.5958   0.02482  0.006568         0
    48/199     2.71G   0.04133   0.01746         0    0.0588        15       640    0.6426    0.8562     0.717    0.3457    0.0279  0.006633         0
    49/199     2.71G   0.04479   0.01795         0   0.06273        13       640    0.7824    0.8563    0.8433    0.5311   0.02643  0.006814         0
    50/199     2.71G   0.04559    0.0182         0    0.0638        20       640    0.5712    0.9516    0.6769    0.2691   0.02801  0.006543         0
    51/199     2.71G     0.045   0.01739         0   0.06238        16       640    0.7598    0.9048    0.8397    0.5845    0.0224  0.006811         0
    52/199     2.71G   0.03895   0.01484         0   0.05379        10       640    0.5849    0.8095    0.6847    0.3695   0.02974  0.006928         0
    53/199     2.71G   0.03698    0.0159         0   0.05288        16       640    0.7722    0.8095    0.8292    0.5425   0.02549  0.006891         0
    54/199     2.71G   0.04446   0.01471         0   0.05917        14       640     0.666    0.8571    0.7431    0.4721    0.0255  0.006794         0
    55/199     2.71G   0.04256   0.01754         0    0.0601        14       640    0.8945    0.8095    0.8691    0.5477   0.02063  0.006685         0
    56/199     2.71G   0.03763   0.01522         0   0.05285        10       640     0.944    0.8095    0.9162    0.5554   0.02182  0.006585         0
    57/199     2.71G   0.03662   0.01514         0   0.05176        13       640    0.8888    0.7616     0.865    0.5351   0.02369  0.006289         0
    58/199     2.71G   0.04573   0.01662         0   0.06235        16       640    0.5514    0.7619    0.6821    0.2971   0.03201  0.006088         0
    59/199     2.71G   0.04875   0.01665         0    0.0654        21       640    0.9412    0.7619     0.902    0.5795   0.02707   0.00609         0
    60/199     2.71G   0.04223   0.01475         0   0.05699        13       640    0.7999    0.7617    0.8287    0.3204   0.03316  0.005954         0
    61/199     2.71G   0.04092   0.01595         0   0.05687        14       640    0.8566    0.8571    0.9063    0.5701   0.02419  0.005937         0
    62/199     2.71G   0.03869   0.01447         0   0.05316        17       640    0.6293    0.8095    0.7496    0.3748   0.02563  0.005941         0
    63/199     2.71G   0.04135   0.01479         0   0.05614        14       640     0.826    0.9045    0.9443    0.6294    0.0235  0.006074         0
    64/199     2.71G   0.04105   0.01686         0   0.05791        16       640    0.6173    0.9986    0.8641    0.4733   0.02535  0.005819         0
    65/199     2.71G   0.03877   0.01442         0   0.05319        12       640    0.7493         1    0.9321    0.6571   0.02469  0.005796         0
    66/199     2.71G     0.036   0.01677         0   0.05277        14       640    0.6056    0.9508    0.8285    0.4688   0.02469  0.005772         0
    67/199     2.71G   0.03697   0.01473         0    0.0517        15       640    0.7723    0.8078    0.8619    0.4436   0.02306  0.005788         0
    68/199     2.71G   0.03791   0.01416         0   0.05207        15       640    0.7033    0.9048    0.8674    0.4405   0.02389   0.00584         0
    69/199     2.71G   0.03755   0.01649         0   0.05404        16       640    0.7033    0.9029    0.8714    0.4946   0.02398  0.005909         0
    70/199     2.71G   0.03751   0.01406         0   0.05157         9       640    0.8327    0.9524    0.9403    0.6796   0.01953  0.005953         0
    71/199     2.71G   0.03968   0.01398         0   0.05367        14       640    0.7015    0.9048    0.8408    0.5572   0.02295  0.005898         0
    72/199     2.71G    0.0388   0.01617         0   0.05497        16       640    0.9473    0.8565    0.9327    0.5939   0.02207  0.005778         0
    73/199     2.71G   0.04141   0.01453         0   0.05594        13       640    0.6044    0.8095    0.7452    0.4698   0.02632  0.005824         0
    74/199     2.71G   0.03553     0.015         0   0.05053        18       640      0.95    0.9042    0.9201     0.499   0.02495  0.005983         0
    75/199     2.71G   0.02881   0.01359         0    0.0424        18       640    0.8631    0.9048    0.9061    0.4824   0.02314  0.006045         0
    76/199     2.71G   0.03731   0.01697         0   0.05428        18       640      0.95    0.9046    0.9268    0.5942   0.02276  0.005923         0
    77/199     2.71G   0.03532   0.01371         0   0.04903        12       640    0.7035    0.9048     0.771    0.4835   0.02495  0.005909         0
    78/199     2.71G   0.03766   0.01513         0   0.05279        19       640    0.7074    0.8095    0.7806    0.4876   0.02527  0.005824         0
    79/199     2.71G   0.04121   0.01401         0   0.05522        11       640    0.7307    0.9048    0.8779    0.6188   0.02488  0.005753         0
    80/199     2.71G   0.04098    0.0145         0   0.05548        18       640     0.799    0.9469    0.9052    0.6215   0.01982  0.005607         0
    81/199     2.71G    0.0385    0.0159         0   0.05439        17       640    0.7917    0.9047    0.9068    0.5571   0.02088  0.005553         0
    82/199     2.71G   0.03503   0.01252         0   0.04756        14       640    0.9499    0.9048    0.9615    0.6832   0.01912  0.005508         0
    83/199     2.71G   0.03489   0.01397         0   0.04886        17       640    0.8261    0.9047    0.9348    0.5848   0.02256  0.005406         0
    84/199     2.71G   0.03494   0.01393         0   0.04887        16       640    0.9545    0.9991    0.9846    0.7452   0.01714  0.005371         0
    85/199     2.71G   0.03315   0.01284         0     0.046        16       640    0.8071    0.9964    0.9275     0.609   0.01869   0.00528         0
    86/199     2.71G   0.03392   0.01448         0    0.0484        14       640    0.9125         1    0.9892    0.7468   0.01683  0.005137         0
    87/199     2.71G   0.03131   0.01497         0   0.04628        18       640    0.6128    0.9043    0.7345    0.4707   0.01934  0.005064         0
    88/199     2.71G   0.02997   0.01477         0   0.04474        12       640    0.9545    0.9996    0.9864    0.7154   0.01566  0.004985         0
    89/199     2.71G   0.03287   0.01378         0   0.04665        20       640    0.7777         1    0.8604     0.611   0.02332  0.004872         0
    90/199     2.71G   0.03642   0.01424         0   0.05066        13       640    0.8399         1    0.9711    0.6984    0.0242  0.004955         0
    91/199     2.71G    0.0401   0.01357         0   0.05367        13       640    0.8737         1    0.9788     0.646   0.01774  0.005214         0
    92/199     2.71G   0.03567   0.01427         0   0.04994        19       640      0.95    0.9043    0.9756    0.6048   0.01951  0.005138         0
    93/199     2.71G   0.03489   0.01407         0   0.04896        17       640    0.8398         1    0.9262    0.6748   0.01874  0.005198         0
    94/199     2.71G   0.03055   0.01383         0   0.04437        16       640    0.9128         1    0.9847    0.6693   0.02081   0.00523         0
    95/199     2.71G   0.03321   0.01448         0   0.04769        17       640    0.9127         1    0.9868    0.7122   0.01783  0.005282         0
    96/199     2.71G   0.03118   0.01404         0   0.04522        17       640    0.9518    0.9524    0.9853    0.6989   0.02004  0.005083         0
    97/199     2.71G   0.03857   0.01205         0   0.05062        18       640     0.875    0.9997    0.9709    0.6953   0.01706  0.005057         0
    98/199     2.71G   0.03441   0.01376         0   0.04816        14       640      0.95    0.9047    0.9771    0.6008   0.02473  0.005015         0
    99/199     2.71G   0.03942   0.01306         0   0.05248        12       640    0.9091    0.9519    0.9816    0.7133   0.01792  0.005114         0
   100/199     2.71G    0.0353   0.01362         0   0.04892        15       640    0.5806     0.857    0.7586    0.5439   0.02217  0.004937         0
   101/199     2.71G   0.03617   0.01378         0   0.04995        15       640    0.8635    0.9048    0.9257    0.7034   0.01708   0.00496         0
   102/199     2.71G   0.03222    0.0126         0   0.04482        12       640    0.8261    0.9047    0.8606    0.5403   0.02395  0.004758         0
   103/199     2.71G   0.04125   0.01329         0   0.05454        15       640      0.95    0.9047     0.964    0.7306      0.02  0.004814         0
   104/199     2.71G   0.03385   0.01504         0   0.04889        18       640    0.8696    0.9523    0.9734    0.6142    0.0215  0.004818         0
   105/199     2.71G    0.0379   0.01512         0   0.05302        20       640    0.8636    0.9043    0.9515    0.6586   0.01666  0.004925         0
   106/199     2.71G   0.03375   0.01362         0   0.04737        15       640     0.913    0.9994    0.9847    0.6845   0.01749  0.004969         0
   107/199     2.71G    0.0374   0.01301         0   0.05041        18       640    0.9532         1    0.9887    0.7273   0.01807  0.004926         0
   108/199     2.71G   0.03629   0.01376         0   0.05005        13       640     0.913    0.9997    0.9802    0.7375   0.01911   0.00484         0
   109/199     2.71G   0.03842   0.01218         0    0.0506        10       640    0.8394         1    0.9679    0.6318   0.02402   0.00489         0
   110/199     2.71G    0.0427   0.01296         0   0.05566        17       640    0.8748         1    0.9528     0.632   0.02294  0.004998         0
   111/199     2.71G   0.03584   0.01267         0   0.04851        18       640    0.8076    0.9997    0.9407     0.644    0.0191  0.005204         0
   112/199     2.71G   0.03039   0.01155         0   0.04193        10       640    0.9127         1    0.9828    0.7689   0.01741  0.005133         0
   113/199     2.71G   0.02728   0.01339         0   0.04067        14       640    0.9544         1    0.9887    0.7731   0.01513  0.005009         0
   114/199     2.71G   0.02533   0.01249         0   0.03783        13       640    0.9545         1    0.9887    0.7067   0.01611  0.004841         0
   115/199     2.71G   0.02991   0.01437         0   0.04428        19       640    0.6774         1    0.8201    0.6298   0.01903  0.004858         0
   116/199     2.71G   0.03177   0.01101         0   0.04279        11       640    0.5118    0.9983    0.7416    0.4238   0.02297  0.004937         0
   117/199     2.71G   0.03106   0.01258         0   0.04364        15       640    0.5525    0.9997    0.7266    0.4765   0.02043  0.005056         0
   118/199     2.71G   0.02745   0.01205         0    0.0395        14       640    0.8696    0.9524    0.9693    0.6907    0.0165   0.00536         0
   119/199     2.71G    0.0304   0.01188         0   0.04228        16       640    0.8695    0.9524    0.9734    0.7205   0.01781  0.005132         0
   120/199     2.71G    0.0253   0.01264         0   0.03795        14       640    0.9129         1    0.9822    0.6744   0.01687  0.004766         0
   121/199     2.71G   0.03135   0.01204         0   0.04339        15       640    0.9545         1    0.9909    0.7694   0.01494  0.004703         0
   122/199     2.71G   0.03653   0.01206         0   0.04859        18       640    0.7775         1    0.9066     0.605   0.01926  0.004864         0
   123/199     2.71G   0.03161   0.01325         0   0.04486        21       640    0.9545    0.9999    0.9864    0.7399   0.01385  0.004839         0
   124/199     2.71G   0.03241   0.01203         0   0.04444        14       640    0.8748         1    0.9514    0.7403   0.01729  0.004727         0
   125/199     2.71G   0.03555   0.01382         0   0.04937        17       640    0.9545    0.9999    0.9864    0.7231    0.0158  0.004703         0
   126/199     2.71G   0.02901   0.01235         0   0.04136        19       640     0.913    0.9996    0.9825     0.629   0.01868  0.004912         0
   127/199     2.71G   0.03304   0.01247         0   0.04551        16       640    0.9089    0.9524    0.9715    0.6466   0.01731  0.004934         0
   128/199     2.71G   0.02891    0.0139         0   0.04281        19       640    0.8744         1    0.9662    0.6518    0.0201   0.00494         0
   129/199     2.71G    0.0303   0.01383         0   0.04413        17       640     0.913         1    0.9655    0.7025   0.01861  0.004846         0
   130/199     2.71G   0.02974   0.01215         0   0.04188        17       640     0.913    0.9998    0.9868    0.7194   0.01602   0.00473         0
   131/199     2.71G   0.03046   0.01237         0   0.04283        16       640     0.913         1    0.9868    0.7967   0.01414  0.004693         0
   132/199     2.71G   0.02916   0.01298         0   0.04214        15       640     0.913    0.9998    0.9868    0.6506   0.01918  0.004651         0
   133/199     2.71G   0.02608   0.00975         0   0.03583        12       640    0.9522    0.9524    0.9839    0.8124   0.01357  0.004608         0
   134/199     2.71G   0.03116   0.01217         0   0.04332        15       640    0.9522    0.9524    0.9814    0.7581   0.01441  0.004679         0
   135/199     2.71G   0.03114   0.01186         0     0.043        16       640     0.952    0.9524     0.985     0.727   0.01666  0.004574         0
   136/199     2.71G   0.03356   0.01353         0   0.04709        18       640    0.9519    0.9524    0.9876    0.7704   0.01521  0.004485         0
   137/199     2.71G   0.03211   0.01322         0   0.04533        11       640    0.9129         1    0.9872    0.7499   0.01684  0.004487         0
   138/199     2.71G   0.03016   0.01263         0   0.04279        12       640     0.913    0.9998    0.9872    0.8109   0.01293  0.004443         0
   139/199     2.71G   0.03122   0.01093         0   0.04215        11       640     0.913         1    0.9872    0.7985   0.01318  0.004473         0
   140/199     2.71G   0.02724   0.01209         0   0.03933        18       640     0.913         1    0.9892     0.642   0.02017   0.00455         0
   141/199     2.71G   0.03252   0.01101         0   0.04353        17       640    0.9523    0.9524    0.9766    0.7084   0.01573  0.004559         0
   142/199     2.71G   0.02544   0.01182         0   0.03726        19       640    0.9085    0.9524    0.9643      0.72   0.01583  0.004733         0
   143/199     2.71G   0.02502   0.01058         0    0.0356        18       640    0.9522    0.9524    0.9686    0.7258   0.01425  0.004725         0
   144/199     2.71G   0.02965   0.01259         0   0.04224        18       640    0.9524    0.9524    0.9758    0.7658   0.01437  0.004693         0
   145/199     2.71G   0.02936   0.01184         0    0.0412        14       640    0.9524    0.9522    0.9772    0.7414   0.01493  0.004659         0
   146/199     2.71G   0.02915   0.01288         0   0.04204         9       640    0.9524    0.9523     0.983    0.6233   0.02092  0.004652         0
   147/199     2.71G   0.03189    0.0132         0   0.04509        15       640    0.9524     0.952    0.9811    0.7568   0.01527   0.00463         0
   148/199     2.71G   0.02704   0.01219         0   0.03923        10       640    0.9522    0.9524    0.9811    0.7677   0.01485  0.004572         0
   149/199     2.71G   0.02258   0.01049         0   0.03307        13       640    0.9517    0.9524    0.9811    0.7893   0.01368  0.004539         0
   150/199     2.71G   0.02375   0.01046         0   0.03421        11       640    0.9091    0.9524    0.9792    0.7736   0.01498  0.004626         0
   151/199     2.71G   0.02517   0.01238         0   0.03755        15       640         1    0.9033    0.9786    0.6935   0.01832  0.004705         0
   152/199     2.71G   0.02885   0.01014         0     0.039        12       640    0.9499    0.9037    0.9656    0.6778   0.01576  0.004941         0
   153/199     2.71G   0.02638   0.01275         0   0.03914        17       640         1    0.9044    0.9746    0.7255   0.01388  0.004901         0
   154/199     2.71G    0.0233   0.01168         0   0.03498        15       640    0.9998    0.9524    0.9814    0.7512   0.01366  0.004782         0
   155/199     2.71G   0.02146   0.01281         0   0.03428        18       640    0.9521    0.9524    0.9877    0.7724   0.01483  0.004506         0
   156/199     2.71G   0.02618   0.01118         0   0.03736        15       640    0.9545    0.9996    0.9932    0.6323   0.01831  0.004446         0
   157/199     2.71G   0.03039   0.01033         0   0.04072        13       640    0.9545         1    0.9933    0.7444   0.01478  0.004376         0
   158/199     2.71G   0.02257   0.01113         0    0.0337        13       640         1         1    0.9951    0.7855   0.01317  0.004315         0
   159/199     2.71G   0.01951   0.01219         0   0.03171        17       640         1    0.9996    0.9951    0.8119   0.01306  0.004223         0
   160/199     2.71G   0.02546   0.01078         0   0.03624        15       640    0.9999         1     0.995     0.733     0.014   0.00416         0
   161/199     2.71G    0.0242   0.01116         0   0.03536        11       640         1         1     0.995    0.6936   0.01461   0.00406         0
   162/199     2.71G   0.02758   0.01117         0   0.03875        12       640    0.9999         1     0.995    0.7818   0.01349  0.004017         0
   163/199     2.71G   0.02578   0.01087         0   0.03664        14       640         1    0.9999     0.995    0.7573   0.01349  0.004019         0
   164/199     2.71G   0.02447   0.01189         0   0.03636        17       640    0.9999         1     0.995    0.7822   0.01297  0.004004         0
   165/199     2.71G   0.02077   0.01122         0   0.03198        15       640    0.9544         1    0.9932    0.7553   0.01334  0.004018         0
   166/199     2.71G    0.0239   0.01169         0   0.03558        19       640    0.9545    0.9999    0.9932    0.7238   0.01654  0.004102         0
   167/199     2.71G   0.02805   0.01004         0   0.03809        11       640    0.9544         1     0.991    0.7511   0.01417  0.004136         0
   168/199     2.71G   0.02412   0.01165         0   0.03577        17       640    0.9545    0.9999     0.991    0.7653   0.01235  0.004196         0
   169/199     2.71G    0.0236   0.01058         0   0.03417         9       640    0.9544         1     0.991    0.7733   0.01346  0.004241         0
   170/199     2.71G   0.02472   0.01326         0   0.03799        19       640    0.9545         1    0.9932    0.7859    0.0126  0.004178         0
   171/199     2.71G   0.02256   0.01108         0   0.03364        13       640    0.9996         1    0.9951    0.7437   0.01645  0.004164         0
   172/199     2.71G   0.02423    0.0102         0   0.03443        13       640         1    0.9993    0.9951    0.8027   0.01325  0.004095         0
   173/199     2.71G   0.02337   0.01084         0   0.03421        17       640    0.9545    0.9991    0.9932    0.8006   0.01364  0.004133         0
   174/199     2.71G   0.02086   0.01126         0   0.03213        20       640         1    0.9523    0.9916    0.7921   0.01328  0.004116         0
   175/199     2.71G   0.02311   0.01209         0    0.0352        19       640    0.9506    0.9524    0.9877    0.7814   0.01492  0.004191         0
   176/199     2.71G   0.02402   0.01149         0   0.03551        16       640    0.9545    0.9999     0.991    0.6535   0.01811  0.004328         0
   177/199     2.71G   0.02933   0.01005         0   0.03939        10       640    0.9999    0.9048    0.9855    0.7781    0.0141  0.004361         0
   178/199     2.71G   0.02838   0.01288         0   0.04127        16       640         1    0.9048    0.9855    0.8295   0.01248  0.004419         0
   179/199     2.71G   0.02302   0.01086         0   0.03387        14       640         1    0.9045    0.9855    0.7587   0.01301   0.00449         0
   180/199     2.71G   0.02785   0.01208         0   0.03993        17       640    0.8749    0.9995     0.983     0.704   0.01508  0.004466         0
   181/199     2.71G   0.02403   0.01109         0   0.03512        13       640     0.875    0.9997     0.983    0.7841   0.01251  0.004441         0
   182/199     2.71G   0.02642   0.01158         0   0.03799        18       640     0.913    0.9997    0.9847    0.7442   0.01284   0.00436         0
   183/199     2.71G   0.02198   0.01148         0   0.03347        17       640     0.913         1    0.9872    0.7556   0.01212  0.004267         0
   184/199     2.71G   0.02118   0.01128         0   0.03245        17       640    0.9128         1    0.9892    0.7639   0.01199  0.004192         0
   185/199     2.71G   0.02222   0.01039         0    0.0326        11       640    0.9545         1    0.9933    0.7576   0.01223  0.004051         0
   186/199     2.71G   0.02204   0.01232         0   0.03436        13       640         1         1    0.9951    0.7747   0.01167  0.004045         0
   187/199     2.71G   0.01978   0.01004         0   0.02982        17       640    0.9542         1    0.9933    0.7471    0.0124  0.004025         0
   188/199     2.71G   0.01848   0.01063         0   0.02911        19       640    0.9545         1    0.9933    0.7545   0.01205  0.004068         0
   189/199     2.71G    0.0202   0.01114         0   0.03135        14       640    0.9545    0.9999    0.9933    0.7833   0.01216  0.004067         0
   190/199     2.71G   0.02098     0.011         0   0.03199        20       640    0.9545    0.9998    0.9933    0.7096    0.0132  0.004173         0
   191/199     2.71G   0.02516   0.01222         0   0.03738        17       640    0.9545    0.9998    0.9933    0.7224   0.01516  0.004318         0
   192/199     2.71G   0.02672   0.01065         0   0.03738        15       640    0.9545    0.9999    0.9933    0.7438   0.01292  0.004349         0
   193/199     2.71G   0.02872   0.01118         0    0.0399        17       640    0.9545    0.9999     0.991    0.7897   0.01249  0.004444         0
   194/199     2.71G   0.02344  0.009855         0   0.03329        11       640    0.9545    0.9999     0.991    0.7826   0.01243  0.004504         0
   195/199     2.71G   0.01927    0.0118         0   0.03107        18       640    0.9542         1     0.991    0.8006    0.0123  0.004395         0
   196/199     2.71G   0.02068   0.01032         0   0.03099        19       640    0.9544         1     0.991    0.7732   0.01258  0.004323         0
   197/199     2.71G     0.019   0.00874         0   0.02774        14       640    0.9544         1     0.991    0.8082   0.01207  0.004159         0
   198/199     2.71G   0.02458   0.01033         0   0.03491        12       640    0.9544         1     0.991    0.8105   0.01303  0.004118         0
   199/199     2.71G   0.01769  0.008553         0   0.02624        14       640    0.9545         1     0.991    0.8248   0.01277  0.004103         0
