     0/199     3.52G    0.1038   0.02203   0.05765    0.1835        12       640    0.1361    0.1375   0.01095  0.003456   0.09451   0.01492   0.05408
     1/199     4.61G   0.07707    0.0225    0.0459    0.1455         5       640     0.382    0.3568    0.1946   0.07157   0.05892   0.01491   0.04367
     2/199     4.61G   0.06261   0.01846   0.03233    0.1134        14       640    0.7009      0.27     0.306    0.1188   0.06661   0.01061   0.02782
     3/199     4.61G   0.06118    0.0145    0.0201   0.09577         8       640    0.4537    0.7445    0.5669    0.2385   0.05379   0.00869   0.01595
     4/199     4.61G   0.05938   0.01255   0.01498    0.0869         4       640    0.4591    0.6921    0.5296    0.1933   0.05824  0.007884   0.01574
     5/199     4.61G   0.05728   0.01219   0.01336   0.08283        11       640    0.3689    0.5634    0.4848    0.2017   0.05737  0.007827    0.0205
     6/199     4.61G   0.05697   0.01197   0.01222   0.08115         9       640    0.4364    0.6462    0.5055    0.2034   0.06001  0.007399    0.0153
     7/199     4.61G   0.05441   0.01209   0.01305   0.07955         6       640    0.4952    0.6955    0.6025    0.2383   0.05085  0.007864   0.01472
     8/199     4.61G   0.04998   0.01159   0.01072   0.07228        12       640    0.5734    0.6853    0.6856    0.3364   0.04394  0.008161   0.01128
     9/199     4.61G   0.04661   0.01146  0.009765   0.06784        13       640    0.6323    0.8254    0.7107     0.358   0.04182  0.007475   0.01222
    10/199     4.61G   0.04451   0.01183  0.009629   0.06597         9       640    0.5581    0.5448    0.5371    0.2283   0.05791  0.008556   0.02065
    11/199     4.61G   0.04522   0.01192   0.01015   0.06729        11       640    0.5951    0.7496    0.6686    0.3206   0.04754  0.007491  0.009214
    12/199     4.61G   0.04385    0.0115   0.00901   0.06436         9       640    0.7009    0.7892    0.7405    0.3509   0.04313  0.007161  0.009473
    13/199     4.61G   0.04299   0.01112  0.008376   0.06249        10       640    0.7293    0.8521    0.8573    0.4291   0.04176  0.006761   0.00808
    14/199     4.61G   0.04094    0.0112  0.008073   0.06021        13       640    0.6421    0.7539    0.7529    0.3612   0.04205  0.006812  0.006025
    15/199     4.61G   0.04071   0.01054  0.006804   0.05806         6       640    0.7242    0.8326    0.8101    0.4163   0.04368  0.006629    0.0069
    16/199     4.61G   0.03954   0.01024  0.006742   0.05652        15       640    0.8559    0.8313     0.874    0.4781   0.04091  0.006676  0.009032
    17/199     4.61G    0.0396   0.01055  0.006531   0.05669         5       640    0.6483    0.7147    0.6436    0.3243   0.05079  0.009388   0.01528
    18/199     4.61G   0.03939   0.01082   0.00712   0.05733        10       640    0.7689    0.8547    0.8227    0.4369   0.03904  0.006455  0.007199
    19/199     4.61G   0.03835  0.009835  0.005398   0.05358         7       640    0.8496     0.834    0.8775    0.4908   0.04009  0.006366  0.008913
    20/199     4.61G   0.03696  0.009963  0.005714   0.05264        12       640    0.9178    0.7786    0.8781    0.4972   0.03837  0.006266  0.005889
    21/199     4.61G   0.03669   0.00996  0.005789   0.05243        10       640    0.8038    0.8046    0.8122    0.4141   0.03883  0.006764  0.007466
    22/199     4.61G   0.03712   0.01026   0.00544   0.05282         8       640    0.7744    0.8113    0.7794    0.4083   0.03726  0.006933    0.0068
    23/199     4.61G   0.03541  0.009836  0.004942   0.05019         6       640    0.8201    0.8707    0.8868    0.4399   0.03796  0.006149   0.00615
    24/199     4.61G   0.03638  0.009889  0.005174   0.05145         9       640    0.8582    0.8647    0.8889    0.4951   0.03604  0.006148  0.005317
    25/199     4.61G   0.03527  0.009612   0.00525   0.05013         7       640    0.7659    0.8821    0.8762    0.4828   0.03668  0.006084  0.006781
    26/199     4.61G   0.03455  0.009554  0.004691    0.0488        10       640    0.8105     0.808    0.8677    0.4773   0.03846  0.006118  0.005881
    27/199     4.61G   0.03509  0.009955  0.004666   0.04971         8       640    0.8863    0.8491    0.9121    0.5188   0.03647  0.005971  0.005787
    28/199     4.61G   0.03426  0.009969  0.004527   0.04876         9       640    0.8188    0.7983    0.8069    0.4361   0.03678   0.00712  0.006673
    29/199     4.61G   0.03397  0.009731  0.004373   0.04807         9       640    0.7828    0.9228    0.9272    0.4981   0.03637  0.006175  0.005612
    30/199     4.61G   0.03397  0.009263   0.00415   0.04738         6       640    0.7952    0.8704    0.8853    0.4583   0.03652  0.006034  0.004217
    31/199     4.61G   0.03342  0.009279  0.004291   0.04699        10       640    0.8478     0.792    0.8656    0.4992   0.03805  0.006302  0.006274
    32/199     4.61G   0.03265  0.009506  0.003684   0.04584         7       640    0.8516    0.8653    0.9098    0.5061   0.03696  0.005759  0.004762
    33/199     4.61G   0.03266  0.009187  0.004344    0.0462         6       640    0.8496    0.8455    0.8858    0.4894    0.0365  0.005814  0.005509
    34/199     4.61G    0.0318   0.00903  0.003701   0.04454         7       640    0.8519    0.8549    0.8837    0.5087    0.0374  0.005778  0.005546
    35/199     4.61G   0.03163  0.009269  0.003839   0.04474         9       640    0.9203     0.801    0.8717    0.4843   0.03791   0.00609  0.009078
    36/199     4.61G   0.03175   0.00903  0.003984   0.04476         9       640    0.8866    0.8571    0.9089    0.5239   0.03499  0.006036  0.005209
    37/199     4.61G   0.03247  0.009121  0.003805    0.0454         9       640    0.7487    0.8615    0.8576     0.466   0.03722  0.006453  0.009613
    38/199     4.61G   0.03225   0.00892  0.003692   0.04486         8       640    0.8316    0.8234    0.8661    0.4914   0.03771  0.006324  0.005452
    39/199     4.61G   0.03207  0.009365  0.004117   0.04555        14       640    0.8016    0.8563      0.88     0.501   0.03622  0.006133  0.005849
    40/199     4.61G   0.03179  0.009231  0.003737   0.04476         9       640    0.8445    0.8842    0.9099    0.5159   0.03489  0.005873  0.004093
    41/199     4.61G   0.03046  0.009051  0.003655   0.04317        12       640    0.8048    0.7812    0.8146    0.4449   0.03687  0.006205  0.008279
    42/199     4.61G   0.03073  0.008881  0.003905   0.04352         9       640    0.8219    0.9056    0.9021    0.5262    0.0352  0.006081  0.005505
    43/199     4.61G   0.03024  0.008715  0.003473   0.04242         8       640    0.7652    0.8805    0.8522    0.4788   0.03598  0.006043  0.008226
    44/199     4.61G   0.03124  0.008518  0.003787   0.04354         9       640    0.8095    0.8057    0.8454    0.4844    0.0358  0.005904   0.01294
    45/199     4.61G    0.0299  0.009008  0.003005   0.04191        12       640    0.8879     0.832    0.9204    0.5292   0.03494  0.005983  0.007435
    46/199     4.61G   0.03046  0.008657  0.002935   0.04205         8       640       0.8     0.878    0.8595    0.4842   0.03546  0.006293  0.009104
    47/199     4.61G   0.03031  0.008878  0.003322   0.04251         9       640    0.8607    0.8255    0.8653    0.5182   0.03496  0.006213  0.007534
    48/199     4.61G   0.02957  0.008797  0.003109   0.04148        12       640    0.8451    0.8564    0.8718    0.5193   0.03527  0.006234  0.007285
    49/199     4.61G   0.02957  0.008407  0.002941   0.04092         9       640    0.8429    0.8472    0.8845    0.5341   0.03573  0.006115  0.008051
    50/199     4.61G   0.02958  0.008722   0.00354   0.04185         7       640    0.7892    0.8742    0.8598    0.5064   0.03526  0.006277  0.007586
    51/199     4.61G   0.02914  0.008423  0.002708   0.04027        10       640    0.8253    0.8736    0.8793     0.528   0.03609  0.005833  0.006052
    52/199     4.61G   0.02942  0.008731  0.002984   0.04114        13       640     0.801    0.8512    0.8473     0.497   0.03576  0.006196  0.009935
    53/199     4.61G   0.02904  0.008519  0.002469   0.04003         9       640     0.865    0.8599    0.8863    0.5357   0.03307  0.005792  0.005606
    54/199     4.61G   0.02845  0.008187  0.002591   0.03923         7       640    0.8574    0.8448    0.8877    0.4899   0.03623  0.006118  0.008079
    55/199     4.61G   0.02834  0.008339  0.002392   0.03907         9       640    0.8571     0.861    0.9148     0.545   0.03399  0.005957  0.005592
    56/199     4.61G   0.02763  0.008324  0.002329   0.03829         8       640    0.8026     0.848    0.8997    0.5408    0.0349   0.00631  0.008958
    57/199     4.61G   0.02802  0.008201  0.002347   0.03857         7       640    0.8586    0.8081     0.896    0.5379     0.033  0.005875  0.008557
    58/199     4.61G   0.02725  0.008166  0.002413   0.03783         7       640    0.8785    0.8309    0.8994    0.5516   0.03187  0.005808  0.006111
    59/199     4.61G   0.02728  0.007826  0.002238   0.03735         6       640    0.8683    0.8596    0.9053    0.5425   0.03363  0.005971  0.005831
    60/199     4.61G    0.0276  0.007922  0.002637   0.03816         8       640    0.8087    0.8724    0.8679    0.5251   0.03478  0.006018  0.005878
    61/199     4.61G   0.02708  0.008053  0.002773   0.03791         7       640    0.8678    0.8596    0.8903    0.5347   0.03352   0.00607  0.004977
    62/199     4.61G   0.02738  0.008059  0.002534   0.03797        15       640    0.8839    0.7977    0.8792    0.5328   0.03514  0.006353  0.005858
    63/199     4.61G   0.02786  0.008246  0.002226   0.03833        10       640    0.8623    0.8486    0.8842    0.5184   0.03534  0.005854  0.007172
    64/199     4.61G   0.02678  0.008145  0.002487   0.03741        11       640    0.8952     0.839    0.8818    0.5527   0.03344  0.005962  0.006673
    65/199     4.61G   0.02652  0.008187  0.002251   0.03696         9       640    0.8235     0.857    0.8654    0.5322   0.03352  0.006062  0.005739
    66/199     4.61G   0.02608  0.008154  0.002121   0.03636         7       640    0.8825    0.8533    0.9107    0.5519   0.03346  0.005618   0.00624
    67/199     4.61G   0.02605  0.007901  0.002202   0.03616         6       640    0.8744    0.8387    0.8979    0.5143   0.03421  0.005918  0.006177
    68/199     4.61G    0.0262  0.008043  0.002298   0.03654        10       640     0.844    0.8479    0.8785    0.5382   0.03404  0.005982  0.005369
    69/199     4.61G   0.02561   0.00798  0.002088   0.03568        11       640    0.8595    0.8534    0.8618     0.506   0.03434  0.006477  0.008685
    70/199     4.61G   0.02547  0.007914  0.002427   0.03581         7       640    0.8469    0.8629    0.8757    0.5119   0.03371  0.006233  0.007808
    71/199     4.61G   0.02581  0.007889  0.002367   0.03607         7       640    0.9021    0.8304    0.8765    0.5384   0.03328  0.006148  0.007741
    72/199     4.61G   0.02557  0.007918  0.001997   0.03549         6       640    0.8218    0.8848    0.8631    0.5255   0.03316  0.006107  0.006122
    73/199     4.61G   0.02589  0.007969  0.002132   0.03599         6       640    0.7902    0.8913    0.8537    0.5101   0.03262  0.005905  0.007703
    74/199     4.61G   0.02503  0.007764  0.001632   0.03443        11       640    0.8622    0.8795    0.8918    0.5333   0.03423  0.005724  0.006284
    75/199     4.61G   0.02471  0.007847  0.002017   0.03458        10       640    0.8696     0.791    0.8654    0.5389   0.03447  0.006182   0.00598
    76/199     4.61G   0.02549  0.007735  0.002082   0.03531         8       640    0.8568    0.8434    0.8766     0.514    0.0344  0.006021   0.00685
    77/199     4.61G   0.02514  0.007894  0.002102   0.03513         7       640    0.8603    0.8178    0.8713    0.5353   0.03342   0.00622  0.005768
    78/199     4.61G   0.02486  0.007696  0.001815   0.03437         9       640    0.8811    0.8479    0.8786    0.5276   0.03437  0.005846  0.005272
    79/199     4.61G   0.02526  0.007732  0.001977   0.03497         8       640     0.797    0.8042    0.8437    0.5057    0.0351   0.00655  0.008339
    80/199     4.61G   0.02492  0.007655  0.002104   0.03468         6       640     0.819    0.8926    0.8709    0.5033   0.03367   0.00609  0.006503
    81/199     4.61G   0.02485  0.007626  0.002336   0.03481         8       640    0.9074    0.8346    0.9091    0.5543   0.03345  0.005831  0.006538
    82/199     4.61G   0.02435  0.007513  0.001962   0.03382         7       640    0.7987     0.869    0.8676    0.5355   0.03377  0.005921   0.00557
    83/199     4.61G   0.02471  0.007366  0.001914   0.03399        10       640    0.8296    0.8481    0.8827    0.5165   0.03493  0.006191  0.005137
    84/199     4.61G   0.02457  0.007342  0.001838   0.03375         8       640    0.8721    0.8056    0.8836    0.5417   0.03386  0.006202  0.005408
    85/199     4.61G   0.02381  0.007208  0.001666   0.03268        10       640    0.8197    0.8292     0.864    0.5352   0.03574  0.006407  0.008659
    86/199     4.61G   0.02429  0.007734  0.001973     0.034        16       640    0.8647    0.8047    0.8784    0.5254   0.03399  0.006296   0.00658
    87/199     4.61G   0.02343  0.007383  0.001762   0.03257         8       640    0.7828    0.8447    0.8213    0.5049   0.03481  0.006822  0.009137
    88/199     4.61G   0.02412  0.007599  0.002148   0.03387         5       640    0.8885    0.7968    0.8582    0.5499    0.0349  0.006492  0.006214
    89/199     4.61G   0.02396  0.007616  0.002063   0.03364         8       640    0.8038    0.8666    0.8567    0.5301   0.03412  0.006263  0.005402
    90/199     4.61G   0.02316  0.007302  0.001541     0.032        11       640    0.8298    0.8754    0.8748    0.5312    0.0337  0.006138  0.005171
    91/199     4.61G   0.02325  0.007402  0.001674   0.03232        11       640    0.8329    0.8755     0.859    0.5141    0.0353   0.00664  0.005638
    92/199     4.61G   0.02251  0.007257  0.001525   0.03129         7       640    0.8414    0.8911    0.8696    0.5368   0.03503  0.006284  0.005655
    93/199     4.61G   0.02247  0.007167  0.001705   0.03134         7       640    0.8462    0.8529    0.8823    0.5447   0.03475  0.006379  0.004746
    94/199     4.61G   0.02262   0.00714  0.001434   0.03119         6       640    0.7977    0.9005    0.8725    0.5299   0.03359  0.006235  0.004726
    95/199     4.61G   0.02264  0.007115  0.001499   0.03125        11       640     0.839    0.8564    0.8856    0.5421   0.03396  0.006374  0.004766
    96/199     4.61G   0.02224  0.007146  0.001425   0.03082        13       640    0.8248    0.8538    0.8668    0.5369   0.03388  0.006528  0.005288
    97/199     4.61G   0.02189  0.006969  0.001546   0.03041        11       640    0.8328    0.8624    0.8585    0.5322   0.03437   0.00623  0.005224
    98/199     4.61G   0.02181   0.00713  0.001526   0.03047        11       640    0.8279    0.8565    0.8827    0.5454    0.0345  0.006267  0.005961
    99/199     4.61G   0.02204  0.007198  0.001495   0.03073        10       640    0.8204    0.8984    0.8874     0.566   0.03356  0.005993  0.004653
   100/199     4.61G   0.02164  0.006941  0.001399   0.02998         5       640    0.8438    0.8884     0.885     0.545   0.03424  0.006398  0.007526
   101/199     4.61G   0.02142  0.007009  0.001354   0.02978         7       640    0.8631    0.8765    0.8859    0.5464   0.03438  0.006048   0.00581
   102/199     4.61G   0.02136   0.00694  0.001348   0.02965         7       640    0.8757    0.8843    0.9021    0.5634   0.03382  0.005981  0.005458
   103/199     4.61G   0.02141  0.006747  0.001494   0.02965         9       640    0.8643    0.8925    0.9049     0.538   0.03516   0.00609  0.007708
   104/199     4.61G   0.02107  0.006854  0.001465   0.02938        12       640    0.8828    0.8196    0.8674    0.5408   0.03433  0.006398  0.007091
   105/199     4.61G   0.02156  0.006796  0.001414   0.02977         8       640     0.815    0.8619    0.8792    0.5498   0.03292  0.006645  0.006498
   106/199     4.61G   0.02098  0.006763  0.001608   0.02935        13       640    0.8613    0.8328    0.8727     0.542   0.03411  0.006349  0.006733
   107/199     4.61G   0.02088  0.006594  0.001437   0.02891        10       640    0.8084    0.8633    0.8762     0.537   0.03337  0.006409  0.005305
   108/199     4.61G   0.02046   0.00697  0.001344   0.02877         7       640    0.8675    0.8808    0.8901    0.5336   0.03323   0.00628  0.005616
   109/199     4.61G   0.02077   0.00669  0.001298   0.02875        13       640    0.8744    0.8731    0.9169    0.5408   0.03316  0.006158  0.005269
   110/199     4.61G   0.02053  0.006721  0.001434   0.02868        14       640    0.7952    0.8747    0.8746    0.5236   0.03499  0.006528  0.006379
   111/199     4.61G   0.02074  0.006897  0.001416   0.02905         9       640    0.8392    0.8833    0.8911     0.544   0.03315  0.006323  0.006338
   112/199     4.61G   0.02054  0.006621  0.001346   0.02851        10       640    0.8111    0.8654    0.8685     0.534   0.03477   0.00638  0.007548
   113/199     4.61G   0.02015   0.00669  0.001429   0.02827         8       640    0.8331    0.8438    0.8741    0.5251   0.03445  0.006764  0.006481
   114/199     4.61G   0.02016  0.006763  0.001412   0.02834         9       640    0.8614    0.8497    0.8667    0.5385   0.03429  0.006738  0.005916
   115/199     4.61G   0.02011  0.006513  0.001446   0.02807         5       640    0.8613    0.8391    0.8656    0.5369   0.03461  0.006815  0.006815
   116/199     4.61G   0.02055  0.006402  0.001732   0.02868        10       640    0.8255    0.8849     0.884    0.5405   0.03399  0.006413  0.006533
   117/199     4.61G   0.02033  0.006703  0.001338   0.02837         8       640    0.8631    0.8203    0.8789     0.538   0.03419  0.006903  0.006065
   118/199     4.61G   0.02007  0.006621  0.001508    0.0282        10       640    0.7764    0.8869    0.8655    0.5221   0.03367  0.006847  0.005037
   119/199     4.61G   0.01979  0.006729  0.001388    0.0279         5       640     0.874    0.8209    0.8742    0.5384   0.03488  0.006617  0.005161
   120/199     4.61G   0.01962  0.006618   0.00126    0.0275        11       640    0.8755    0.8267    0.8611    0.5283    0.0334  0.006977  0.006364
   121/199     4.61G   0.01995  0.006796  0.001441   0.02818         6       640    0.8466    0.8239    0.8528     0.534   0.03379  0.006723  0.005975
   122/199     4.61G   0.01943  0.006465  0.001271   0.02717         8       640    0.8958    0.7877    0.8601    0.5369   0.03484  0.006648  0.006446
   123/199     4.61G   0.01935  0.006326   0.00146   0.02714         6       640    0.8322    0.8093    0.8396    0.5222   0.03532  0.006692   0.00708
   124/199     4.61G   0.01895  0.006611  0.001578   0.02714         9       640    0.8704     0.791    0.8258    0.5018   0.03502  0.006969  0.006737
   125/199     4.61G   0.01936   0.00641  0.001225     0.027         9       640    0.8664    0.7961    0.8645    0.5208    0.0349  0.006733  0.006311
   126/199     4.61G   0.01896  0.006384  0.001113   0.02646        10       640     0.855    0.7912    0.8137    0.4869   0.03502  0.007046  0.006963
   127/199     4.61G   0.01841  0.006256  0.001076   0.02574        10       640    0.8589    0.8129    0.8356     0.498   0.03534  0.007311  0.007163
   128/199     4.61G   0.01856  0.006555  0.001065   0.02618        13       640    0.8342    0.7908    0.8182    0.4982   0.03504  0.007548  0.007734
   129/199     4.61G    0.0186  0.006279  0.001142   0.02602        14       640    0.8174    0.8494    0.8474    0.5056    0.0351  0.007264  0.006052
   130/199     4.61G   0.01794  0.006128  0.001268   0.02534        11       640    0.7931    0.8647    0.8393    0.5051    0.0356  0.007134  0.006084
   131/199     4.61G   0.01834  0.006259  0.001296    0.0259        11       640    0.8329    0.8294    0.8283    0.4973   0.03579  0.007421  0.005908
   132/199     4.61G   0.01829  0.006354  0.001248   0.02589        10       640    0.8601    0.8146    0.8625    0.5371   0.03542  0.006893  0.006703
   133/199     4.61G   0.01798  0.006253 0.0009746   0.02521        14       640      0.87    0.8107    0.8692     0.537    0.0354   0.00688  0.005976
   134/199     4.61G   0.01826  0.006263  0.001342   0.02586         9       640    0.9006    0.7863    0.8753    0.5505   0.03527  0.006766  0.008899
   135/199     4.61G   0.01775  0.006223  0.001238   0.02521         3       640    0.8584    0.8315     0.867     0.535   0.03572  0.006861   0.00944
   136/199     4.61G   0.01767  0.006179  0.001079   0.02492         7       640    0.8878     0.828    0.8584    0.5287   0.03553  0.006836  0.007887
   137/199     4.61G   0.01752  0.006015  0.001112   0.02464        15       640    0.9144    0.7797    0.8449    0.5267   0.03605  0.006922   0.00657
   138/199     4.61G   0.01736  0.006132  0.001049   0.02454        11       640    0.8879    0.8421    0.8761    0.5443    0.0352  0.006921  0.005755
   139/199     4.61G   0.01742   0.00624  0.001002   0.02466        11       640      0.87    0.8618    0.8647    0.5294   0.03494  0.006867   0.00528
   140/199     4.61G     0.018  0.006221  0.001108   0.02533        10       640    0.8941    0.8312    0.8787    0.5499   0.03406  0.006473  0.005026
   141/199     4.61G    0.0175  0.006087 0.0009066   0.02449        12       640    0.8741    0.8696    0.8958    0.5465   0.03467  0.006422  0.004911
   142/199     4.61G   0.01708  0.005954  0.001112   0.02415         9       640     0.861    0.8561    0.9006    0.5502   0.03452   0.00652   0.00495
   143/199     4.61G   0.01719  0.005913  0.001075   0.02417         8       640    0.8596    0.8735    0.8881    0.5292   0.03502  0.006383  0.005448
   144/199     4.61G   0.01702  0.006191  0.001039   0.02425         4       640    0.8394     0.838    0.8764    0.5327   0.03579  0.006765  0.006138
   145/199     4.61G   0.01694  0.006027 0.0009559   0.02392        12       640    0.8752    0.8631    0.8836    0.5362   0.03498  0.006944  0.004605
   146/199     4.61G   0.01646  0.005976  0.001068   0.02351        10       640    0.8485    0.8707    0.8874    0.5322   0.03527  0.006719  0.005366
   147/199     4.61G    0.0168  0.005856  0.001064   0.02372         7       640    0.8463    0.8816    0.8773    0.5286    0.0351  0.006694    0.0052
   148/199     4.61G   0.01693  0.006039  0.001116   0.02408        12       640    0.8504    0.8602     0.874    0.5252    0.0346  0.006803  0.005494
   149/199     4.61G   0.01696  0.005842  0.001082   0.02389         7       640    0.8395    0.8562     0.866    0.5295   0.03451  0.006605  0.005465
   150/199     4.61G   0.01656  0.005872  0.001065   0.02349         8       640    0.8962    0.8395    0.8775    0.5409   0.03467  0.006776  0.006155
   151/199     4.61G   0.01655  0.005792 0.0009243   0.02327        10       640    0.9013    0.8566    0.8885    0.5288   0.03502  0.006946  0.006282
   152/199     4.61G   0.01594  0.005877 0.0009117   0.02273         6       640     0.848    0.8387    0.8649    0.5182   0.03554  0.007296  0.005597
   153/199     4.61G   0.01639  0.005729 0.0009005   0.02302        10       640     0.872    0.8549     0.886    0.5397    0.0347  0.006946  0.004825
   154/199     4.61G   0.01586  0.005667  0.000773    0.0223         6       640    0.9302    0.8449    0.8949    0.5452   0.03375  0.006802  0.005168
   155/199     4.61G   0.01605  0.005913 0.0008098   0.02278         5       640    0.9007    0.8223     0.886    0.5392   0.03346  0.007055  0.005541
   156/199     4.61G    0.0159  0.005643  0.001009   0.02255         8       640    0.8972    0.8673    0.8897    0.5359   0.03408  0.006854   0.00602
   157/199     4.61G   0.01595    0.0058 0.0009675   0.02272        14       640    0.8506    0.8839     0.867    0.5331   0.03423  0.006901  0.005536
   158/199     4.61G   0.01579  0.005768  0.001082   0.02264        14       640     0.877    0.8624    0.8908     0.531   0.03464  0.006945  0.005468
   159/199     4.61G   0.01581  0.005666 0.0008312   0.02231        10       640    0.8393    0.8749    0.8738    0.5323   0.03468  0.007162  0.005484
   160/199     4.61G   0.01547  0.005757 0.0008766    0.0221         9       640    0.8636    0.8579    0.8761    0.5417   0.03472  0.007039  0.005377
   161/199     4.61G   0.01545  0.005556 0.0009183   0.02192        12       640     0.876    0.8824    0.8981    0.5452   0.03429   0.00693  0.005462
   162/199     4.61G   0.01526  0.005693 0.0008814   0.02183         7       640    0.9026    0.8302    0.8708    0.5309   0.03455  0.007026   0.00558
   163/199     4.61G   0.01545  0.005454 0.0008714   0.02178         7       640    0.8724    0.8139    0.8585    0.5178   0.03461  0.007317  0.005758
   164/199     4.61G   0.01505  0.005542 0.0007108    0.0213         8       640    0.9056    0.8198    0.8695    0.5374   0.03433  0.007126  0.005254
   165/199     4.61G    0.0149  0.005591 0.0007635   0.02125         6       640     0.911    0.8357    0.8741    0.5438   0.03416  0.007207  0.005249
   166/199     4.61G   0.01503  0.005432 0.0007757   0.02124        13       640    0.8753    0.8374    0.8549    0.5307   0.03431  0.007338  0.005386
   167/199     4.61G   0.01496  0.005363 0.0008445   0.02117        13       640    0.8544    0.8699    0.8645     0.525   0.03437  0.007273  0.005405
   168/199     4.61G   0.01491  0.005303 0.0007643   0.02097         6       640    0.8323    0.8905    0.8799    0.5284    0.0341  0.007121  0.005752
   169/199     4.61G   0.01455  0.005265 0.0007571   0.02058         9       640    0.8442    0.8571    0.8714    0.5301   0.03488   0.00723  0.005769
   170/199     4.61G    0.0146  0.005337 0.0008309   0.02077         9       640    0.8925    0.8368    0.8688    0.5469   0.03436  0.007196  0.005762
   171/199     4.61G   0.01479  0.005465 0.0008863   0.02114         9       640    0.8546     0.877    0.8745    0.5325   0.03486   0.00734  0.005962
   172/199     4.61G   0.01477  0.005495 0.0008121   0.02108        10       640    0.8744    0.8654    0.8788    0.5456   0.03479  0.007111  0.005925
   173/199     4.61G   0.01522  0.005712  0.001151   0.02208         9       640    0.9341    0.8256    0.8832    0.5347   0.03479  0.007046  0.005842
   174/199     4.61G   0.01485  0.005676 0.0007622   0.02129         8       640    0.8471    0.8498    0.8621    0.5308   0.03516  0.007226  0.005626
   175/199     4.61G   0.01457  0.005217 0.0008109    0.0206         9       640    0.8818    0.8469    0.8585    0.5265   0.03452  0.007202  0.005665
   176/199     4.61G   0.01409  0.005349 0.0006841   0.02013         5       640    0.8417    0.8533    0.8497    0.5287    0.0343  0.007303  0.005615
   177/199     4.61G   0.01403  0.005192  0.001029   0.02025        12       640    0.8697    0.8148    0.8548     0.533   0.03414   0.00759  0.005658
   178/199     4.61G   0.01432  0.005324  0.001028   0.02067         8       640    0.8818    0.8312    0.8631     0.538   0.03482  0.007248  0.005676
   179/199     4.61G   0.01446   0.00535 0.0008708   0.02068        10       640    0.8953    0.8392    0.8709    0.5346   0.03451  0.007131  0.006159
   180/199     4.61G   0.01464  0.005432 0.0008018   0.02087        12       640    0.8641    0.8409    0.8575    0.5248   0.03498    0.0074  0.005515
   181/199     4.61G   0.01418  0.005304 0.0007766   0.02026         9       640    0.8701    0.8859    0.8763    0.5348   0.03449  0.007319   0.00484
   182/199     4.61G   0.01384  0.005202 0.0006963   0.01974         8       640    0.8691    0.8431    0.8712    0.5455   0.03466  0.007276  0.005129
   183/199     4.61G   0.01432  0.005321 0.0008941   0.02053         4       640    0.8455    0.8431    0.8648    0.5377   0.03493  0.007051   0.00565
   184/199     4.61G   0.01399  0.005301  0.000865   0.02016        16       640    0.9065     0.864    0.8878    0.5389   0.03503  0.007056  0.006718
   185/199     4.61G   0.01418   0.00536 0.0007886   0.02033        10       640    0.9046    0.8794    0.8857     0.536     0.035   0.00722  0.006408
   186/199     4.61G   0.01401  0.005369 0.0008923   0.02027         8       640    0.8911    0.8784     0.885    0.5376   0.03507  0.007164   0.00518
   187/199     4.61G   0.01395  0.005326 0.0007777   0.02005         9       640    0.8901    0.8585    0.8711    0.5338   0.03475  0.007266  0.005263
   188/199     4.61G   0.01396  0.005455  0.001085    0.0205         6       640    0.8977    0.8308    0.8553    0.5251   0.03463  0.007263  0.005695
   189/199     4.61G   0.01393  0.005211 0.0008106   0.01995        16       640    0.8838    0.8053    0.8453     0.519   0.03465  0.007368  0.005698
   190/199     4.61G   0.01376  0.005216 0.0007376   0.01972         8       640    0.8744    0.8603    0.8676    0.5279   0.03448  0.007301  0.005676
   191/199     4.61G   0.01378  0.005286 0.0009386      0.02        10       640    0.8614    0.8564    0.8648    0.5295   0.03454  0.007344  0.006067
   192/199     4.61G   0.01379  0.005163 0.0008372   0.01979         6       640    0.8745    0.8603    0.8592    0.5148   0.03458  0.007311  0.006169
   193/199     4.61G   0.01389  0.005165 0.0008491   0.01991         7       640    0.8417    0.8326    0.8439    0.5119   0.03483  0.007264  0.006144
   194/199     4.61G   0.01388  0.005236 0.0006041   0.01972        11       640    0.8664    0.8315    0.8547    0.5031   0.03494  0.007339  0.005882
   195/199     4.61G   0.01352  0.005312 0.0007241   0.01956        13       640    0.8474    0.8329    0.8415    0.4939   0.03485  0.007334   0.00566
   196/199     4.61G   0.01356  0.005048 0.0007774   0.01938         6       640     0.864    0.8206    0.8598    0.5138   0.03507  0.007411  0.005913
   197/199     4.61G   0.01349  0.005058 0.0007049   0.01926         8       640    0.8275    0.8704    0.8518    0.5068   0.03519  0.007462   0.00596
   198/199     4.61G   0.01413  0.005111  0.000799   0.02004         8       640    0.9121     0.842    0.8806    0.5159   0.03504   0.00743  0.005922
   199/199     4.61G   0.01333  0.005078 0.0007249   0.01913         8       640    0.8711    0.8551    0.8619    0.5235   0.03485  0.007262  0.006233
